name: transit_time_comparison_app
channels:
  - conda-forge
  - defaults
dependencies:
  - blas=1.0=mkl
  - bottleneck=1.3.4=py310h9128911_0
  - bzip2=1.0.8=h8ffe710_4
  - ca-certificates=2022.3.29=haa95532_0
  - docutils=0.18.1=py310h5588dad_1
  - freetype=2.10.4=h546665d_1
  - glew=2.1.0=h39d44d4_2
  - intel-openmp=2021.4.0=haa95532_3556
  - jbig=2.1=h8d14728_2003
  - jpeg=9e=h8ffe710_0
  - kivy=2.1.0=py310h6a7f093_0
  - lcms2=2.12=h2a16943_0
  - lerc=3.0=h0e60522_0
  - libdeflate=1.10=h8ffe710_0
  - libffi=3.4.2=h8ffe710_5
  - libpng=1.6.37=h1d00b33_2
  - libtiff=4.3.0=hc4061b1_3
  - libwebp=1.2.2=h57928b3_0
  - libwebp-base=1.2.2=h8ffe710_1
  - libxcb=1.13=hcd874cb_1004
  - libzlib=1.2.11=h8ffe710_1014
  - lz4-c=1.9.3=h8ffe710_1
  - m2w64-gcc-libgfortran=5.3.0=6
  - m2w64-gcc-libs=5.3.0=7
  - m2w64-gcc-libs-core=5.3.0=7
  - m2w64-gmp=6.1.0=2
  - m2w64-libwinpthread-git=5.0.0.4634.697f757=2
  - mkl=2021.4.0=haa95532_640
  - mkl-service=2.4.0=py310h2bbff1b_0
  - mkl_fft=1.3.1=py310ha0764ea_0
  - mkl_random=1.2.2=py310h4ed8f06_0
  - msys2-conda-epoch=20160418=1
  - numexpr=2.8.1=py310hb57aa6b_1
  - numpy-base=1.21.5=py310h206c741_1
  - openjpeg=2.4.0=hb211442_1
  - openssl=3.0.2=h8ffe710_1
  - packaging=21.3=pyhd3eb1b0_0
  - pandas=1.4.1=py310hd77b12b_1
  - pillow=9.0.1=py310h767b3fd_2
  - pip=22.0.4=pyhd8ed1ab_0
  - pthread-stubs=0.4=hcd874cb_1001
  - pygments=2.11.2=pyhd8ed1ab_0
  - python=3.10.4=hcf16a7b_0_cpython
  - python-dateutil=2.8.2=pyhd3eb1b0_0
  - python_abi=3.10=2_cp310
  - pytz=2021.3=pyhd3eb1b0_0
  - sdl2=2.0.18=h0e60522_0
  - sdl2_image=2.0.5=h63225fd_0
  - sdl2_mixer=2.0.4=h6538335_0
  - sdl2_ttf=2.0.15=h4636d2b_0
  - six=1.16.0=pyhd3eb1b0_1
  - smpeg2=2.0.0=h6538335_1
  - sqlite=3.37.1=h8ffe710_0
  - tk=8.6.12=h8ffe710_0
  - ucrt=10.0.20348.0=h57928b3_0
  - vc=14.2=hb210afc_6
  - vs2015_runtime=14.29.30037=h902a5da_6
  - wheel=0.37.1=pyhd8ed1ab_0
  - xorg-libxau=1.0.9=hcd874cb_0
  - xorg-libxdmcp=1.1.3=hcd874cb_0
  - xz=5.2.5=h62dcd97_1
  - zlib=1.2.11=h8ffe710_1014
  - zstd=1.5.2=h6255e5f_0
  - pip:
    - branca==0.5.0
    - certifi==2021.10.8
    - charset-normalizer==2.0.12
    - click==8.1.2
    - colorama==0.4.4
    - cycler==0.11.0
    - folium==0.12.1.post1
    - fonttools==4.32.0
    - googlemaps==4.6.0
    - idna==3.3
    - importlib-metadata==4.11.3
    - jinja2==3.1.1
    - keyring==23.5.0
    - keyrings-alt==4.1.0
    - kivy-garden-mapview==1.0.5
    - kiwisolver==1.4.2
    - mapview==1.0.5
    - markupsafe==2.1.1
    - matplotlib==3.5.1
    - mysql-connector-python==8.0.28
    - numpy==1.22.3
    - protobuf==3.20.0
    - pygeocoder==1.2.5
    - pyicloud==1.0.0
    - pyparsing==3.0.8
    - pytz-deprecation-shim==0.1.0.post0
    - pywin32-ctypes==0.2.0
    - requests==2.27.1
    - setuptools==62.1.0
    - tzdata==2022.1
    - tzlocal==4.2
    - urllib3==1.26.9
    - zipp==3.8.0
prefix: C:\Users\KentoSuemitsu\anaconda3\envs\transit_time_comparison_app
